   0.0000000000000000        3.0949949982494985E-004
   1.9569471624266144E-002   6.1766696850378889E-004
   3.9138943248532287E-002   9.2174421010131455E-004
   5.8708414872798431E-002   1.2202184960382542E-003
   7.8277886497064575E-002   1.5118606292716837E-003
   9.7847358121330719E-002   1.7946699576660056E-003
  0.11741682974559686        2.0666328004904145E-003
  0.13698630136986301        2.3262520285485888E-003
  0.15655577299412915        2.5723060076266470E-003
  0.17612524461839529        2.8034650522398125E-003
  0.19569471624266144        3.0182572125565929E-003
  0.21526418786692758        3.2153062024801436E-003
  0.23483365949119372        3.3935262969870673E-003
  0.25440313111545987        3.5521133532616664E-003
  0.27397260273972601        3.6904084618014704E-003
  0.29354207436399216        3.8077959057569890E-003
  0.31311154598825830        3.9037199428835060E-003
  0.33268101761252444        3.9777858818531514E-003
  0.35225048923679059        4.0298555240206686E-003
  0.37181996086105673        4.0600750162444058E-003
  0.39138943248532287        4.0688377564341545E-003
  0.41095890410958902        4.0567302250347189E-003
  0.43052837573385516        4.0245099822029100E-003
  0.45009784735812131        3.9731344064162510E-003
  0.46966731898238745        3.9038246080935401E-003
  0.48923679060665359        3.8181335524317410E-003
  0.50880626223091974        3.7179950974040071E-003
  0.52837573385518588        3.6057506522425876E-003
  0.54794520547945202        3.4841673100583954E-003
  0.56751467710371817        3.3564656105662025E-003
  0.58708414872798431        3.2263652822252906E-003
  0.60665362035225046        3.0981385195562030E-003
  0.62622309197651660        2.9766393099364993E-003
  0.64579256360078274        2.8672593471541262E-003
  0.66536203522504889        2.7757513886656265E-003
  0.68493150684931503        2.7078694866739215E-003
  0.70450097847358117        2.6688183287371750E-003
  0.72407045009784732        2.6625891454997129E-003
  0.74363992172211346        2.6913584189886927E-003
  0.76320939334637961        2.7551631238243472E-003
  0.78277886497064575        2.8519803039306069E-003
  0.80234833659491189        2.9781661311774612E-003
  0.82191780821917804        3.1290724706157748E-003
  0.84148727984344418        3.2996417954200864E-003
  0.86105675146771032        3.4848584929601666E-003
  0.88062622309197647        3.6800273372800726E-003
  0.90019569471624261        3.8809077099971130E-003
  0.91976516634050876        4.0837507233915608E-003
  0.93933463796477490        4.2852822404499964E-003
  0.95890410958904104        4.4826630290406141E-003
  0.97847358121330719        4.6734455707612282E-003
  0.99804305283757333        4.8555377364656298E-003
   1.0176125244618395        5.0271768595114051E-003
   1.0371819960861055        5.1869134268415296E-003
   1.0567514677103718        5.3336013892628974E-003
   1.0763209393346380        5.4663916222197836E-003
   1.0958904109589040        5.5847258459941545E-003
   1.1154598825831701        5.6883297037576743E-003
   1.1350293542074363        5.7772050576829865E-003
   1.1545988258317026        5.8516224101271951E-003
   1.1741682974559686        5.9121144639790318E-003
   1.1937377690802347        5.9594712608814554E-003
   1.2133072407045009        5.9947363497278722E-003
   1.2328767123287672        6.0192024021000923E-003
   1.2524461839530332        6.0344039290060091E-003
   1.2720156555772992        6.0421044563347430E-003
   1.2915851272015655        6.0442757178656541E-003
   1.3111545988258317        6.0430670286731377E-003
   1.3307240704500978        6.0407638548599166E-003
   1.3502935420743638        6.0397355582119472E-003
   1.3698630136986301        6.0423732883208526E-003
   1.3894324853228963        6.0510200031309016E-003
   1.4090019569471623        6.0678956239279521E-003
   1.4285714285714284        6.0950213292686791E-003
   1.4481409001956946        6.1341478261767958E-003
   1.4677103718199609        6.1866928762895563E-003
   1.4872798434442269        6.2536931477853303E-003
   1.5068493150684930        6.3357744567449316E-003
   1.5264187866927592        6.4331427052563821E-003
   1.5459882583170255        6.5455956100392773E-003
   1.5655577299412915        6.6725531020340708E-003
   1.5851272015655575        6.8131025327131702E-003
   1.6046966731898238        6.9660538638669960E-003
   1.6242661448140900        7.1299999190051998E-003
   1.6438356164383561        7.3033773806551678E-003
   1.6634050880626221        7.4845252371379132E-003
   1.6829745596868884        7.6717385047298794E-003
   1.7025440313111546        7.8633160412095136E-003
   1.7221135029354206        8.0576020035065254E-003
   1.7416829745596867        8.2530209703255072E-003
   1.7612524461839529        8.4481070051370712E-003
   1.7808219178082192        8.6415270562669368E-003
   1.8003913894324852        8.8320991517490278E-003
   1.8199608610567513        9.0188058917509036E-003
   1.8395303326810175        9.2008037843960208E-003
   1.8590998043052838        9.3774290012845086E-003
   1.8786692759295498        9.5482001253627442E-003
   1.8982387475538158        9.7128184064050709E-003
   1.9178082191780821        9.8711659208036463E-003
   1.9373776908023483        1.0023301861377740E-002
   1.9569471624266144        1.0169456983474229E-002
   1.9765166340508804        1.0310026040573799E-002
   1.9960861056751467        1.0445557892245372E-002
   2.0156555772994129        1.0576742892031993E-002
   2.0352250489236789        1.0704397182869873E-002
   2.0547945205479450        1.0829443649255499E-002
   2.0743639921722110        1.0952889488665258E-002
   2.0939334637964775        1.1075800647007203E-002
   2.1135029354207435        1.1199273680386809E-002
   2.1330724070450096        1.1324405919455782E-002
   2.1526418786692760        1.1452265082357822E-002
   2.1722113502935421        1.1583859671853922E-002
   2.1917808219178081        1.1720111572218372E-002
   2.2113502935420741        1.1861832215749069E-002
   2.2309197651663402        1.2009703514889322E-002
   2.2504892367906066        1.2164264467640519E-002
   2.2700587084148727        1.2325903970134873E-002
   2.2896281800391387        1.2494859951322853E-002
   2.3091976516634052        1.2671224527079587E-002
   2.3287671232876712        1.2854954500702035E-002
   2.3483365949119372        1.3045886251375123E-002
   2.3679060665362033        1.3243753876613005E-002
   2.3874755381604693        1.3448209396858510E-002
   2.4070450097847358        1.3658843881929027E-002
   2.4266144814090018        1.3875208497964369E-002
   2.4461839530332679        1.4096834668760215E-002
   2.4657534246575343        1.4323252763349432E-002
   2.4853228962818004        1.4554008930902501E-002
   2.5048923679060664        1.4788679880325119E-002
   2.5244618395303324        1.5026885530653979E-002
   2.5440313111545985        1.5268299535097351E-002
   2.5636007827788649        1.5512657711518753E-002
   2.5831702544031310        1.5759764407295106E-002
   2.6027397260273970        1.6009496802820770E-002
   2.6223091976516635        1.6261807132173515E-002
   2.6418786692759295        1.6516722786074505E-002
   2.6614481409001955        1.6774344270923815E-002
   2.6810176125244616        1.7034841032850422E-002
   2.7005870841487276        1.7298445215154598E-002
   2.7201565557729941        1.7565443494585498E-002
   2.7397260273972601        1.7836167225807623E-002
   2.7592954990215262        1.8110981201960787E-002
   2.7788649706457926        1.8390271401056594E-002
   2.7984344422700587        1.8674432123831797E-002
   2.8180039138943247        1.8963852934016159E-002
   2.8375733855185907        1.9258905786794702E-002
   2.8571428571428568        1.9559932680617405E-002
   2.8767123287671232        1.9867234100752626E-002
   2.8962818003913893        2.0181058451803468E-002
   2.9158512720156553        2.0501592613180280E-002
   2.9354207436399218        2.0828953706717310E-002
   2.9549902152641878        2.1163182146055334E-002
   2.9745596868884538        2.1504236044445482E-002
   2.9941291585127199        2.1851987086934317E-002
   3.0136986301369859        2.2206218014797604E-002
   3.0332681017612524        2.2566621911136876E-002
   3.0528375733855184        2.2932803502399127E-002
   3.0724070450097845        2.3304282688072261E-002
   3.0919765166340509        2.3680500471449289E-002
   3.1115459882583170        2.4060827386075997E-002
   3.1311154598825830        2.4444574400076281E-002
   3.1506849315068490        2.4831006145775332E-002
   3.1702544031311151        2.5219356181633710E-002
   3.1898238747553815        2.5608843865525147E-002
   3.2093933463796476        2.5998692320804137E-002
   3.2289628180039136        2.6388146921477611E-002
   3.2485322896281801        2.6776493717031787E-002
   3.2681017612524461        2.7163077258742344E-002
   3.2876712328767121        2.7547317369111361E-002
   3.3072407045009782        2.7928724499181462E-002
   3.3268101761252442        2.8306913427763484E-002
   3.3463796477495107        2.8681615154388225E-002
   3.3659491193737767        2.9052686910978936E-002
   3.3855185909980428        2.9420120257989579E-002
   3.4050880626223092        2.9784047239168051E-002
   3.4246575342465753        3.0144744551931495E-002
   3.4442270058708413        3.0502635660272278E-002
   3.4637964774951073        3.0858290748958166E-002
   3.4833659491193734        3.1212424406709273E-002
   3.5029354207436398        3.1565890942550856E-002
   3.5225048923679059        3.1919677288805015E-002
   3.5420743639921719        3.2274893523500402E-002
   3.5616438356164384        3.2632761144812707E-002
   3.5812133072407044        3.2994599335951488E-002
   3.6007827788649704        3.3361809553011559E-002
   3.6203522504892365        3.3735858835355854E-002
   3.6399217221135025        3.4118262265874173E-002
   3.6594911937377690        3.4510564992838312E-002
   3.6790606653620350        3.4914324169141094E-002
   3.6986301369863011        3.5331091079934811E-002
   3.7181996086105675        3.5762393632547546E-002
   3.7377690802348336        3.6209719292564002E-002
   3.7573385518590996        3.6674498484606265E-002
   3.7769080234833656        3.7158088449297542E-002
   3.7964774951076317        3.7661757563980040E-002
   3.8160469667318981        3.8186670191113388E-002
   3.8356164383561642        3.8733872203247609E-002
   3.8551859099804302        3.9304277428841461E-002
   3.8747553816046967        3.9898655348137524E-002
   3.8943248532289627        4.0517620422621040E-002
   3.9138943248532287        4.1161623449637301E-002
   3.9334637964774948        4.1830945287977310E-002
   3.9530332681017608        4.2525693202247770E-002
   3.9726027397260273        4.3245799935039991E-002
   3.9921722113502933        4.3991025455183574E-002
   4.0117416829745594        4.4760961171500697E-002
   4.0313111545988258        4.5555036268185703E-002
   4.0508806262230914        4.6372525730341424E-002
   4.0704500978473579        4.7212559598188028E-002
   4.0900195694716244        4.8074133017798081E-002
   4.1095890410958900        4.8956116735710917E-002
   4.1291585127201564        4.9857267796217207E-002
   4.1487279843444220        5.0776240319058266E-002
   4.1682974559686885        5.1711596337028973E-002
   4.1878669275929550        5.2661816736730302E-002
   4.2074363992172206        5.3625312359355748E-002
   4.2270058708414870        5.4600435282421339E-002
   4.2465753424657535        5.5585490229045818E-002
   4.2661448140900191        5.6578745960928822E-002
   4.2857142857142856        5.7578446431318459E-002
   4.3052837573385521        5.8582821430819970E-002
   4.3248532289628177        5.9590096470560315E-002
   4.3444227005870841        6.0598501720718366E-002
   4.3639921722113497        6.1606279949600912E-002
   4.3835616438356162        6.2611693567561535E-002
   4.4031311154598827        6.3613031040278128E-002
   4.4227005870841483        6.4608613062521428E-002
   4.4422700587084147        6.5596798947746324E-002
   4.4618395303326803        6.6575993672900985E-002
   4.4814090019569468        6.7544655921189578E-002
   4.5009784735812133        6.8501307305233225E-002
   4.5205479452054789        6.9444542760741579E-002
   4.5401174168297453        7.0373041916653403E-002
   4.5596868884540118        7.1285581110777929E-002
   4.5792563600782774        7.2181045659847592E-002
   4.5988258317025439        7.3058442022167158E-002
   4.6183953033268104        7.3916909602136635E-002
   4.6379647749510760        7.4755732111613016E-002
   4.6575342465753424        7.5574348583496057E-002
   4.6771037181996080        7.6372364283045627E-002
   4.6966731898238745        7.7149561843810693E-002
   4.7162426614481410        7.7905912943911679E-002
   4.7358121330724066        7.8641590732447864E-002
   4.7553816046966730        7.9356983033943049E-002
   4.7749510763209386        8.0052706138499782E-002
   4.7945205479452051        8.0729618772423489E-002
   4.8140900195694716        8.1388835683816219E-002
   4.8336594911937372        8.2031740201853581E-002
   4.8532289628180036        8.2659995150391546E-002
   4.8727984344422701        8.3275551605711373E-002
   4.8923679060665357        8.3880655153779488E-002
   4.9119373776908022        8.4477849481190553E-002
   4.9315068493150687        8.5069977279627590E-002
   4.9510763209393343        8.5660178519500793E-002
   4.9706457925636007        8.6251886135737255E-002
   4.9902152641878663        8.6848819071964067E-002
   5.0097847358121328        8.7454972475362047E-002
   5.0293542074363993        8.8074604667347955E-002
   5.0489236790606649        8.8712220383961912E-002
   5.0684931506849313        8.9372549730030157E-002
   5.0880626223091969        9.0060522351007935E-002
   5.1076320939334634        9.0781236502286422E-002
   5.1272015655577299        9.1539922969913909E-002
   5.1467710371819955        9.2341904129737973E-002
   5.1663405088062619        9.3192548774016587E-002
   5.1859099804305284        9.4097223632814461E-002
   5.2054794520547940        9.5061242730156037E-002
   5.2250489236790605        9.6089815817660323E-002
   5.2446183953033270        9.7187997119233441E-002
   5.2641878669275926        9.8360635518883563E-002
   5.2837573385518590        9.9612327164920050E-002
   5.3033268101761246       0.10094737128910289     
   5.3228962818003911       0.10236972988713358     
   5.3424657534246576       0.10388299180220613     
   5.3620352250489232       0.10549034170300424     
   5.3816046966731896       0.10719453443778448     
   5.4011741682974552       0.10899787524702111     
   5.4207436399217217       0.11090220628897735     
   5.4403131115459882       0.11290889983787382     
   5.4598825831702538       0.11501885832757272     
   5.4794520547945202       0.11723252113068777     
   5.4990215264187867       0.11954987760549249     
   5.5185909980430523       0.12197048555688741     
   5.5381604696673188       0.12449349390622091     
   5.5577299412915853       0.12711766811512343     
   5.5772994129158509       0.12984141681747730     
   5.5968688845401173       0.13266281821208159     
   5.6164383561643829       0.13557964505291736     
   5.6360078277886494       0.13858938750268432     
   5.6555772994129159       0.14168927361544695     
   5.6751467710371815       0.14487628769700531     
   5.6947162426614479       0.14814718716959430     
   5.7142857142857135       0.15149851877721754     
   5.7338551859099800       0.15492663498298129     
   5.7534246575342465       0.15842771124880003     
   5.7729941291585121       0.16199776460840384     
   5.7925636007827785       0.16563267362809053     
   5.8121330724070450       0.16932819957906536     
   5.8317025440313106       0.17308000848155092     
   5.8512720156555771       0.17688369364543347     
   5.8708414872798436       0.18073479840119744     
   5.8904109589041092       0.18462883882554160     
   5.9099804305283756       0.18856132633720935     
   5.9295499021526412       0.19252778999759945     
   5.9491193737769077       0.19652379815986620     
   5.9686888454011742       0.20054497878518740     
   5.9882583170254398       0.20458703735755157     
   6.0078277886497062       0.20864577099370885     
   6.0273972602739718       0.21271707719089994     
   6.0469667318982383       0.21679695578865663     
   6.0665362035225048       0.22088150319170988     
   6.0861056751467704       0.22496689868201655     
   6.1056751467710368       0.22904938363123281     
   6.1252446183953033       0.23312523544358696     
   6.1448140900195689       0.23719073892229475     
   6.1643835616438354       0.24124215829254531     
   6.1839530332681019       0.24527571322590191     
   6.2035225048923675       0.24928756187938100     
   6.2230919765166339       0.25327379326222493     
   6.2426614481408995       0.25723043031748810     
   6.2622309197651660       0.26115344412323410     
   6.2818003913894325       0.26503877872845061     
   6.3013698630136981       0.26888238543045495     
   6.3209393346379645       0.27268026478483037     
   6.3405088062622301       0.27642851425691950     
   6.3600782778864966       0.28012337907924362     
   6.3796477495107631       0.28376130348762696     
   6.3992172211350287       0.28733897904056321     
   6.4187866927592951       0.29085338623964530     
   6.4383561643835616       0.29430182530624865     
   6.4579256360078272       0.29768193192929804     
   6.4774951076320937       0.30099167427599594     
   6.4970645792563602       0.30422932867965202     
   6.5166340508806258       0.30739343318994844     
   6.5362035225048922       0.31048272044459835     
   6.5557729941291578       0.31349603381238361     
   6.5753424657534243       0.31643223309447299     
   6.5949119373776908       0.31929009787378859     
   6.6144814090019564       0.32206823756724695     
   6.6340508806262228       0.32476501720248835     
   6.6536203522504884       0.32737850692117360     
   6.6731898238747549       0.32990646137546126     
   6.6927592954990214       0.33234633280384057     
   6.7123287671232870       0.33469531894388899     
   6.7318982387475534       0.33695044430997312     
   6.7514677103718199       0.33910867088606639     
   6.7710371819960855       0.34116703201338394     
   6.7906066536203520       0.34312278118608736     
   6.8101761252446185       0.34497354561195737     
   6.8297455968688840       0.34671747282785248     
   6.8493150684931505       0.34835335757619462     
   6.8688845401174161       0.34988073584599433     
   6.8884540117416826       0.35129993380164348     
   6.9080234833659491       0.35261206154754543     
   6.9275929549902147       0.35381894542219217     
   6.9471624266144811       0.35492299764039403     
   6.9667318982387467       0.35592702818101785     
   6.9863013698630132       0.35683401017618177     
   7.0058708414872797       0.35764681588539449     
   7.0254403131115453       0.35836794483461698     
   7.0450097847358117       0.35899926823050610     
   7.0645792563600782       0.35954181396944301     
   7.0841487279843438       0.35999561442065270     
   7.1037181996086103       0.36035963493727929     
   7.1232876712328768       0.36063179520179162     
   7.1428571428571423       0.36080908857946348     
   7.1624266144814088       0.36088779714321373     
   7.1819960861056744       0.36086379236730021     
   7.2015655577299409       0.36073290401865404     
   7.2211350293542074       0.36049133285071483     
   7.2407045009784730       0.36013607675058212     
   7.2602739726027394       0.35966533556050001     
   7.2798434442270050       0.35907885755891150     
   7.2994129158512715       0.35837819123542247     
   7.3189823874755380       0.35756681008286945     
   7.3385518590998036       0.35665008589935632     
   7.3581213307240700       0.35563509732483078     
   7.3776908023483365       0.35453027428695261     
   7.3972602739726021       0.35334489447529166     
   7.4168297455968686       0.35208846334235833     
   7.4363992172211351       0.35077002277356661     
   7.4559686888454006       0.34939744393275085     
   7.4755381604696671       0.34797676566719982     
   7.4951076320939327       0.34651164050376015     
   7.5146771037181992       0.34500294544648336     
   7.5342465753424657       0.34344860472393024     
   7.5538160469667313       0.34184365694615071     
   7.5733855185909977       0.34018058074480134     
   7.5929549902152633       0.33844987207536609     
   7.6125244618395298       0.33664084439056030     
   7.6320939334637963       0.33474260149998641     
   7.6516634050880619       0.33274511392398953     
   7.6712328767123283       0.33064031476984879     
   7.6908023483365948       0.32842312228685644     
   7.7103718199608604       0.32609229459132855     
   7.7299412915851269       0.32365102831892378     
   7.7495107632093934       0.32110722720539853     
   7.7690802348336589       0.31847338818916332     
   7.7886497064579254       0.31576608036811876     
   7.8082191780821910       0.31300502439695455     
   7.8277886497064575       0.31021181472409204     
   7.8473581213307240       0.30740836217748196     
   7.8669275929549896       0.30461516716979270     
   7.8864970645792560       0.30184956108434768     
   7.9060665362035216       0.29912407166334898     
   7.9256360078277881       0.29644507377268947     
   7.9452054794520546       0.29381187665250802     
   7.9647749510763202       0.29121637108271115     
   7.9843444227005866       0.28864331564046941     
   8.0039138943248531       0.28607128417997035     
   8.0234833659491187       0.28347423326722831     
   8.0430528375733843       0.28082358654188494     
   8.0626223091976517       0.27809068068537435     
   8.0821917808219172       0.27524938079072098     
   8.1017612524461828       0.27227865432571835     
   8.1213307240704502       0.26916489213299882     
   8.1409001956947158       0.26590377905589574     
   8.1604696673189814       0.26250154178203650     
   8.1800391389432487       0.25897543392733852     
   8.1996086105675143       0.25535335679520832     
   8.2191780821917799       0.25167255980577996     
   8.2387475538160473       0.24797742063021247     
   8.2583170254403129       0.24431637540774828     
   8.2778864970645785       0.24073815559800590     
   8.2974559686888441       0.23728758597166993     
   8.3170254403131114       0.23400129574904541     
   8.3365949119373770       0.23090377145132379     
   8.3561643835616426       0.22800421073454652     
   8.3757338551859100       0.22529460008801624     
   8.3953033268101755       0.22274932802634259     
   8.4148727984344411       0.22032647189510474     
   8.4344422700587085       0.21797069295540947     
   8.4540117416829741       0.21561748344842602     
   8.4735812133072397       0.21319836872765330     
   8.4931506849315070       0.21064659782165621     
   8.5127201565557726       0.20790285532134334     
   8.5322896281800382       0.20492057675186098     
   8.5518590998043056       0.20167052104373800     
   8.5714285714285712       0.19814432194360873     
   8.5909980430528368       0.19435678864729938     
   8.6105675146771041       0.19034674952376776     
   8.6301369863013697       0.18617623801770788     
   8.6497064579256353       0.18192782436036362     
   8.6692759295499009       0.17769992944828913     
   8.6888454011741683       0.17360005671932316     
   8.7084148727984338       0.16973608451802705     
   8.7279843444226994       0.16620609779258227     
   8.7475538160469668       0.16308767620194012     
   8.7671232876712324       0.16042798767424327     
   8.7866927592954980       0.15823627864421208     
   8.8062622309197653       0.15648021654273273     
   8.8258317025440309       0.15508695574729126     
   8.8454011741682965       0.15394890194136915     
   8.8649706457925639       0.15293325079289538     
   8.8845401174168295       0.15189379288190363     
   8.9041095890410951       0.15068336084747633     
   8.9236790606653607       0.14916558145415995     
   8.9432485322896280       0.14722508504489545     
   8.9628180039138936       0.14477581361371136     
   8.9823874755381592       0.14176742947419785     
   9.0019569471624266       0.13819001687447616     
   9.0215264187866921       0.13407729559698595     
   9.0410958904109577       0.12950844368414433     
   9.0606653620352251       0.12460835483374166     
   9.0802348336594907       0.11954571693958790     
   9.0998043052837563       0.11452769334789140     
   9.1193737769080236       0.10978933643830466     
   9.1389432485322892       0.10557556970866887     
   9.1585127201565548       0.10211445943139234     
   9.1780821917808222        9.9583487499303999E-002
   9.1976516634050878        9.8075465131048603E-002
   9.2172211350293534        9.7574863095422418E-002
   9.2367906066536207        9.7954289149473600E-002
   9.2563600782778863        9.8993207150264148E-002
   9.2759295499021519       0.10041160366361991     
   9.2954990215264175       0.10190699319126632     
   9.3150684931506849       0.10318563340692787     
   9.3346379647749504       0.10398429857296257     
   9.3542074363992160       0.10408327785170639     
   9.3737769080234834       0.10331308624471541     
   9.3933463796477490       0.10155744027830110     
   9.4129158512720146        9.8754466148519154E-002
   9.4324853228962819        9.4897554121069760E-002
   9.4520547945205475        9.0037002067680671E-002
   9.4716242661448131        8.4283648319155163E-002
   9.4911937377690805        7.7816060335519729E-002
   9.5107632093933461        7.0893390724507913E-002
   9.5303326810176117        6.3876018371829379E-002
   9.5499021526418773        5.7252649103707295E-002
   9.5694716242661446        5.1657211057779914E-002
   9.5890410958904102        4.7820001131653661E-002
   9.6086105675146758        4.6365253992356470E-002
   9.6281800391389432        4.7486676942588686E-002
   9.6477495107632087        5.0799400530468518E-002
   9.6673189823874743        5.5558437797768333E-002
   9.6868884540117417        6.0983334041364634E-002
   9.7064579256360073        6.6426467538254805E-002
   9.7260273972602729        7.1397275303147004E-002
   9.7455968688845402        7.5534795411161662E-002
   9.7651663405088058        7.8576697409604448E-002
   9.7847358121330714        8.0336763153479873E-002
   9.8043052837573388        8.0690411321981168E-002
   9.8238747553816044        7.9565730199519277E-002
   9.8434442270058700        7.6937843261177627E-002
   9.8630136986301373        7.2824949671940031E-002
   9.8825831702544029        6.7284818393309770E-002
   9.9021526418786685        6.0411118307337856E-002
   9.9217221135029341        5.2329693629479507E-002
   9.9412915851272015        4.3195166150314761E-002
   9.9608610567514670        3.3187518174366056E-002
   9.9804305283757326        2.2507312506881167E-002
   10.000000000000000        1.1369405141017612E-002
