   0.0000000000000000        0.0000000000000000     
   6.6889632107023410E-003   9.9260404577629162E-004
   1.3377926421404682E-002   3.9664725565783298E-003
   2.0066889632107024E-002   8.9097903208961195E-003
   2.6755852842809364E-002   1.5802917484198643E-002
   3.3444816053511704E-002   2.4618467578286701E-002
   4.0133779264214048E-002   3.5321416328024963E-002
   4.6822742474916385E-002   4.7869240803163002E-002
   5.3511705685618728E-002   6.2212088362393558E-002
   6.0200668896321072E-002   7.8292974718431468E-002
   6.6889632107023408E-002   9.6048010337198564E-002
   7.3578595317725745E-002  0.11540665427162837     
   8.0267558528428096E-002  0.13629199442160578     
   8.6956521739130432E-002  0.15862105310656630     
   9.3645484949832769E-002  0.18230511673671143     
  0.10033444816053512       0.20725008827305311     
  0.10702341137123746       0.23335686107595949     
  0.11371237458193979       0.26052171265689783     
  0.12040133779264214       0.28863671676899416     
  0.12709030100334448       0.31759017219917179     
  0.13377926421404682       0.34726704655826784     
  0.14046822742474915       0.37754943330595159     
  0.14715719063545149       0.40831702019467309     
  0.15384615384615385       0.43944756727151563     
  0.16053511705685619       0.47081739253883870     
  0.16722408026755853       0.50230186334418392     
  0.17391304347826086       0.53377589154713934     
  0.18060200668896320       0.56511443049586452     
  0.18729096989966554       0.59619297183878039     
  0.19397993311036790       0.62688804019758593     
  0.20066889632107024       0.65707768373626130     
  0.20735785953177258       0.68664195867702194     
  0.21404682274247491       0.71546340583823442     
  0.22073578595317725       0.74342751730100531     
  0.22742474916387959       0.77042319135037285     
  0.23411371237458192       0.79634317388361209     
  0.24080267558528429       0.82108448453193594     
  0.24749163879598662       0.84454882580260704     
  0.25418060200668896       0.86664297361592924     
  0.26086956521739130       0.88727914768551752     
  0.26755852842809363       0.90637536027031984     
  0.27424749163879597       0.92385574191278930     
  0.28093645484949831       0.93965084286905498     
  0.28762541806020064       0.95369790903349927     
  0.29431438127090298       0.96594113126149295     
  0.30100334448160537       0.97633186709972630     
  0.30769230769230771       0.98482883404319632     
  0.31438127090301005       0.99139827355104404     
  0.32107023411371238       0.99601408516959988     
  0.32775919732441472       0.99865793022976468     
  0.33444816053511706       0.99931930470673958     
  0.34113712374581939       0.99799558095262964     
  0.34782608695652173       0.99469201813611696     
  0.35451505016722407       0.98942174134772598     
  0.36120401337792640       0.98220568945369990     
  0.36789297658862874       0.97307253190565857     
  0.37458193979933108       0.96205855483656011     
  0.38127090301003341       0.94920751689550620     
  0.38795986622073581       0.93457047539415894     
  0.39464882943143814       0.91820558345549208     
  0.40133779264214048       0.90017785897081204     
  0.40802675585284282       0.88055892628297650     
  0.41471571906354515       0.85942673162211070     
  0.42140468227424749       0.83686523342440011     
  0.42809364548494983       0.81296406876432248     
  0.43478260869565216       0.78781819722558777     
  0.44147157190635450       0.76152752362569298     
  0.44816053511705684       0.73419650109301093     
  0.45484949832775917       0.70593371607339039     
  0.46153846153846151       0.67685145691504034     
  0.46822742474916385       0.64706526774571749     
  0.47491638795986624       0.61669348941466717     
  0.48160535117056857       0.58585678932315888     
  0.48829431438127091       0.55467768201160628     
  0.49498327759197325       0.52328004240798298     
  0.50167224080267558       0.49178861367140425     
  0.50836120401337792       0.46032851158621724     
  0.51505016722408026       0.42902472747564740     
  0.52173913043478259       0.39800163160992874     
  0.52842809364548493       0.36738247908188637     
  0.53511705685618727       0.33728892011312939     
  0.54180602006688960       0.30784051673641510     
  0.54849498327759194       0.27915426777440927     
  0.55518394648829428       0.25134414400210892     
  0.56187290969899661       0.22452063533972891     
  0.56856187290969895       0.19879031187506427     
  0.57525083612040129       0.17425540045938656     
  0.58193979933110362       0.15101337855906755     
  0.58862876254180596       0.12915658697655844     
  0.59531772575250830       0.10877186297939119     
  0.60200668896321075        8.9940195294782380E-002
  0.60869565217391308        7.2736402340550885E-002
  0.61538461538461542        5.7228834970740911E-002
  0.62207357859531776        4.3479104916945205E-002
  0.62876254180602009        3.1541840004234337E-002
  0.63545150501672243        2.1464467114221300E-002
  0.64214046822742477        1.3287023757551959E-002
  0.64882943143812710        7.0419990044454728E-003
  0.65551839464882944        2.7542044052696864E-003
  0.66220735785953178        4.4067541398520307E-004
  0.66889632107023411        1.1060370610398176E-004
  0.67558528428093645        1.7653006600638786E-003
  0.68227424749163879        5.3981921471080354E-003
  0.68896321070234112        1.0994844650368988E-002
  0.69565217391304346        1.8533022609386100E-002
  0.70234113712374580        2.7982776762225874E-002
  0.70903010033444813        3.9306563134221102E-002
  0.71571906354515047        5.2459392200585035E-002
  0.72240802675585281        6.7389007630276374E-002
  0.72909698996655514        8.4036093900963227E-002
  0.73578595317725748       0.10233451196022984     
  0.74247491638795982       0.12221156199674187     
  0.74916387959866215       0.14358827227737692     
  0.75585284280936449       0.16637971290276790     
  0.76254180602006683       0.19049533323470455     
  0.76923076923076916       0.21583932165479106     
  0.77591973244147161       0.24231098622503403     
  0.78260869565217395       0.26980515473799282     
  0.78929765886287628       0.29821259256708860     
  0.79598662207357862       0.32742043665694825     
  0.80267558528428096       0.35731264392953394     
  0.80936454849498329       0.38777045232453849     
  0.81605351170568563       0.41867285264232484     
  0.82274247491638797       0.44989706931477491     
  0.82943143812709030       0.48131904819394039     
  0.83612040133779264       0.51281394942050262     
  0.84280936454849498       0.54425664341387447     
  0.84949832775919731       0.57552220801336651     
  0.85618729096989965       0.60648642479527215     
  0.86287625418060199       0.63702627259399847     
  0.86956521739130432       0.66702041626647690     
  0.87625418060200666       0.69634968875798864     
  0.88294314381270900       0.72489756455415366     
  0.88963210702341133       0.75255062263804773     
  0.89632107023411367       0.77919899711312202     
  0.90301003344481601       0.80473681370158789     
  0.90969899665551834       0.82906261038405837     
  0.91638795986622068       0.85207974050924140     
  0.92307692307692302       0.87369675677212222     
  0.92976588628762535       0.89382777453508666     
  0.93645484949832769       0.91239281304851028     
  0.94314381270903014       0.92931811321513180     
  0.94983277591973247       0.94453643063574133     
  0.95652173913043481       0.95798730277189847     
  0.96321070234113715       0.96961728916424739     
  0.96989966555183948       0.97938018375203462     
  0.97658862876254182       0.98723719845028357     
  0.98327759197324416       0.99315711725527411     
  0.98996655518394649       0.99711642026605940     
  0.99665551839464883       0.99909937712928454     
   1.0033444816053512       0.99909810953605049     
   1.0100334448160535       0.99711262252251909     
   1.0167224080267558       0.99315080444990333     
   1.0234113712374582       0.98722839566392595     
   1.0301003344481605       0.97936892595825475     
   1.0367892976588629       0.96960362109038012     
   1.0434782608695652       0.95797127872134757     
   1.0501672240802675       0.94451811427223076     
   1.0568561872909699       0.92929757730977069     
   1.0635451505016722       0.91237013919067123     
   1.0702341137123745       0.89380305280825056     
   1.0769230769230769       0.87367008539597435     
   1.0836120401337792       0.85205122544944545     
   1.0903010033444815       0.82903236493125232     
   1.0969899665551839       0.80470495802128017     
   1.1036789297658862       0.77916565776827251     
   1.1103678929765886       0.75251593208623080     
   1.1170568561872909       0.72486166062130419     
   1.1237458193979932       0.69631271409081774     
   1.1304347826086956       0.66698251776573447     
   1.1371237458193979       0.63698760083083528     
   1.1438127090301002       0.60644713341301859     
   1.1505016722408026       0.57548245311710577     
   1.1571906354515049       0.54421658295023656     
   1.1638795986622072       0.51277374255013963     
   1.1705685618729096       0.48127885465917969     
   1.1772575250836119       0.44985704880496175     
   1.1839464882943143       0.41863316415937385     
   1.1906354515050166       0.38773125355121868     
   1.1973244147157189       0.35727409060299214     
   1.2040133779264215       0.32738268194996450     
   1.2107023411371238       0.29817578647951892     
   1.2173913043478262       0.26976944350081794     
   1.2240802675585285       0.24227651171938247     
   1.2307692307692308       0.21580622084824375     
   1.2374581939799332       0.19046373763712102     
   1.2441471571906355       0.16634974804379643     
   1.2508361204013378       0.14356005720772380     
   1.2575250836120402       0.12218520881518156     
   1.2642140468227425       0.10231012536823551     
   1.2709030100334449        8.4013770786726630E-002
   1.2775919732441472        6.7368836683769903E-002
   1.2842809364548495        5.2441453561195603E-002
   1.2909698996655519        3.9290928072355479E-002
   1.2976588628762542        2.7969507396152660E-002
   1.3043478260869565        1.8522171658439061E-002
   1.3110367892976589        1.0986455225492665E-002
   1.3177257525083612        5.3922975795774701E-003
   1.3244147157190636        1.7619243690591123E-003
   1.3311036789297659        1.0975910566538813E-004
   1.3377926421404682        4.4236585971936640E-004
   1.3444816053511706        2.7584231810175398E-003
   1.3511705685618729        7.0487293489656716E-003
   1.3578595317725752        1.3296238931113463E-002
   1.3645484949832776        2.1476130504840631E-002
   1.3712374581939799        3.1555905273135364E-002
   1.3779264214046822        4.3495516182663639E-002
   1.3846153846153846        5.7247527031141894E-002
   1.3913043478260869        7.2757300931877808E-002
   1.3979933110367893        8.9963217386707581E-002
   1.4046822742474916       0.10879691710489635     
   1.4113712374581939       0.12918357359533406     
   1.4180602006688963       0.15104219045298753     
   1.4247491638795986       0.17428592315848723     
   1.4314381270903009       0.19882242411233436     
   1.4381270903010033       0.22455420953290525     
   1.4448160535117056       0.25137904676056172     
   1.4515050167224079       0.27919036042910472     
   1.4581939799331103       0.30787765589084870     
   1.4648829431438126       0.33732695821304232     
   1.4715719063545150       0.36742126500149941     
   1.4782608695652173       0.39804101125236718     
   1.4849498327759196       0.42906454438516906     
   1.4916387959866220       0.46036860756981329     
   1.4983277591973243       0.49182882942730127     
   1.5050167224080266       0.52332021815855134     
   1.5117056856187290       0.55471765813815765     
   1.5183946488294313       0.58589640700011347     
   1.5250836120401337       0.61673259124056889     
   1.5317725752508360       0.64710369836859205     
   1.5384615384615383       0.67688906364961032     
   1.5451505016722409       0.70597034950769555     
   1.5518394648829432       0.73423201568202323     
   1.5585284280936456       0.76156177826956939     
   1.5652173913043479       0.78785105583026116     
   1.5719063545150502       0.81299540078220378     
   1.5785953177257526       0.83689491437304531     
   1.5852842809364549       0.85945464357879220     
   1.5919732441471572       0.88058495835319073     
   1.5986622073578596       0.90020190772886477     
   1.6053511705685619       0.91822755335540851     
   1.6120401337792643       0.93459027914929105     
   1.6187290969899666       0.94922507582532278     
   1.6254180602006689       0.96207379917924385     
   1.6321070234113713       0.97308540109527264     
   1.6387959866220736       0.98221613236081595     
   1.6454849498327759       0.98942971648256173     
   1.6521739130434783       0.99469749381337547     
   1.6588628762541806       0.99799853541738637     
   1.6655518394648829       0.99931972622087417     
   1.6722408026755853       0.99865581711859719     
   1.6789297658862876       0.99600944582854389     
   1.6856187290969900       0.99139112641225102     
   1.6923076923076923       0.98481920750232488     
   1.6989966555183946       0.97631979940312708     
   1.7056856187290970       0.96592667035425406     
   1.7123745819397993       0.95368111236896036     
   1.7190635451505016       0.93963177718054436     
   1.7257525083612040       0.92383448294849180     
   1.7324414715719063       0.90635199249232878     
   1.7391304347826086       0.88725376393426503     
   1.7458193979933110       0.86661567474133139     
   1.7525083612040133       0.84451972026338606     
   1.7591973244147157       0.82105368796471156     
   1.7658862876254180       0.79631080864347570     
   1.7725752508361203       0.77038938602477114     
   1.7792642140468227       0.74339240619885938     
   1.7859531772575250       0.71542712845632961     
   1.7926421404682273       0.68660465914578572     
   1.7993311036789297       0.65703951024713148     
   1.8060200668896320       0.62684914441424477     
   1.8127090301003344       0.59615350829459313     
   1.8193979933110367       0.56507455597991529     
   1.8260869565217390       0.53373576448130799     
   1.8327759197324414       0.50226164315373345     
   1.8394648829431437       0.47077723901901758     
   1.8461538461538460       0.43940763995268878     
   1.8528428093645484       0.40827747770850681     
   1.8595317725752507       0.37751043275516766     
   1.8662207357859530       0.34722874289247324     
   1.8729096989966554       0.31755271759924159     
   1.8795986622073577       0.28860026004245598     
   1.8862876254180603       0.26048639864671730     
   1.8929765886287626       0.23332283008507831     
   1.8996655518394649       0.20721747550696312     
   1.9063545150501673       0.18227405176628220     
   1.9130434782608696       0.15859165935325867     
   1.9197324414715720       0.13626438866711715     
   1.9264214046822743       0.11538094619391759     
   1.9331103678929766        9.6024302074734252E-002
   1.9397993311036790        7.8271360464394743E-002
   1.9464882943143813        6.2192653990447662E-002
   1.9531772575250836        4.7852063526276148E-002
   1.9598662207357860        3.5306564391702461E-002
   1.9665551839464883        2.4605999989430877E-002
   1.9732441471571907        1.5792883776673764E-002
   1.9799331103678930        8.9022303587297635E-003
   1.9866220735785953        3.9614163755812368E-003
   1.9933110367892977        9.9007173420973568E-004
   2.0000000000000000        1.6187649219122632E-009
