  -1.0000000000000000        1.5139654778145759E-016
 -0.98999999999999999        3.8021877848562521E-002
 -0.97999999999999998        7.5984887422404904E-002
 -0.96999999999999997       0.11383081019254002     
 -0.95999999999999996       0.15150157510919546     
 -0.94999999999999996       0.18893882021728736     
 -0.93999999999999995       0.22608460973491859     
 -0.92999999999999994       0.26288202159739021     
 -0.92000000000000004       0.29927457033018257     
 -0.91000000000000003       0.33520582423345674     
 -0.90000000000000002       0.37062019795432899     
 -0.89000000000000001       0.40546348060519816     
 -0.88000000000000000       0.43968216938454957     
 -0.87000000000000000       0.47322313626564594     
 -0.85999999999999999       0.50603450833805497     
 -0.84999999999999998       0.53806613732276309     
 -0.83999999999999997       0.56926882486832164     
 -0.82999999999999996       0.59959403473860806     
 -0.82000000000000006       0.62899487906462603     
 -0.81000000000000005       0.65742652832657555     
 -0.80000000000000004       0.68484530242380326     
 -0.79000000000000004       0.71120842639671999     
 -0.78000000000000003       0.73647514951891202     
 -0.77000000000000002       0.76060709311386998     
 -0.76000000000000001       0.78356717091457107     
 -0.75000000000000000       0.80531938848979212     
 -0.73999999999999999       0.82583013603903455     
 -0.72999999999999998       0.84506846968484461     
 -0.71999999999999997       0.86300480713995353     
 -0.70999999999999996       0.87961077321135872     
 -0.69999999999999996       0.89486073081772954     
 -0.68999999999999995       0.90873198984473991     
 -0.67999999999999994       0.92120319287818930     
 -0.66999999999999993       0.93225421084446092     
 -0.65999999999999992       0.94186802065909836     
 -0.64999999999999991       0.95003083572615532     
 -0.64000000000000001       0.95673003473094798     
 -0.63000000000000000       0.96195410949552862     
 -0.62000000000000000       0.96569508954997130     
 -0.60999999999999999       0.96794859708890812     
 -0.59999999999999998       0.96871103111466805     
 -0.58999999999999997       0.96797954673449327     
 -0.58000000000000007       0.96575545658412798     
 -0.57000000000000006       0.96204427472980703     
 -0.56000000000000005       0.95685146913530594     
 -0.55000000000000004       0.95018228037418118     
 -0.54000000000000004       0.94204729352361372     
 -0.53000000000000003       0.93246309335636979     
 -0.52000000000000002       0.92144426328372953     
 -0.51000000000000001       0.90900032445564771     
 -0.50000000000000000       0.89514774137490460     
 -0.48999999999999999       0.88002426736007888     
 -0.47999999999999998       0.86572834971644119     
 -0.46999999999999997       0.85136995152380779     
 -0.45999999999999996       0.83786369179235332     
 -0.44999999999999996       0.82428523231478856     
 -0.43999999999999995       0.81152899145756496     
 -0.42999999999999994       0.79870873036541989     
 -0.42000000000000004       0.78668690021931631     
 -0.41000000000000003       0.77459887268359051     
 -0.40000000000000002       0.76328392815744772     
 -0.39000000000000001       0.75190799880738080     
 -0.38000000000000000       0.74128347102170256     
 -0.37000000000000000       0.73059701529622600     
 -0.35999999999999999       0.72063988695796244     
 -0.34999999999999998       0.71062489176810462     
 -0.33999999999999997       0.70131992961600087     
 -0.32999999999999996       0.69195657671279187     
 -0.31999999999999995       0.68328406250176954     
 -0.30999999999999994       0.67455653864212173     
 -0.29999999999999993       0.66650294359653450     
 -0.29000000000000004       0.65839396205550338     
 -0.28000000000000003       0.65094236392707328     
 -0.27000000000000002       0.64343827998938308     
 -0.26000000000000001       0.63657699154395675     
 -0.25000000000000000       0.62966286510449909     
 -0.23999999999999999       0.62337747245390329     
 -0.22999999999999998       0.61704176836150593     
 -0.21999999999999997       0.61132245721294132     
 -0.20999999999999996       0.60555244235267580     
 -0.19999999999999996       0.60038711506088216     
 -0.18999999999999995       0.59517330153832249     
 -0.17999999999999994       0.59055400977519679     
 -0.16999999999999993       0.58588576107069990     
 -0.16000000000000003       0.58180258478424429     
 -0.15000000000000002       0.57767240372263551     
 -0.14000000000000001       0.57411924101896139     
 -0.13000000000000000       0.57051849934884269     
 -0.12000000000000000       0.56748750443087581     
 -0.10999999999999999       0.56441064889099557     
  -9.9999999999999978E-002  0.56189754580515316     
  -8.9999999999999969E-002  0.55933788638939674     
  -7.9999999999999960E-002  0.55733682654564265     
  -6.9999999999999951E-002  0.55529071878006120     
  -5.9999999999999942E-002  0.55379923652031493     
  -4.9999999999999933E-002  0.55226187467193244     
  -4.0000000000000036E-002  0.55127606289117648     
  -3.0000000000000027E-002  0.55024568893655434     
  -2.0000000000000018E-002  0.54976488467417073     
  -1.0000000000000009E-002  0.54923853771501663     
   0.0000000000000000       0.54926073800221709     
   1.0000000000000009E-002  0.54923853771501663     
   2.0000000000000018E-002  0.54976488467417073     
   3.0000000000000027E-002  0.55024568893655412     
   4.0000000000000036E-002  0.55127606289117637     
   5.0000000000000044E-002  0.55226187467193233     
   6.0000000000000053E-002  0.55379923652031482     
   7.0000000000000062E-002  0.55529071878006120     
   8.0000000000000071E-002  0.55733682654564232     
   9.0000000000000080E-002  0.55933788638939663     
  0.10000000000000009       0.56189754580515283     
  0.11000000000000010       0.56441064889099524     
  0.12000000000000011       0.56748750443087537     
  0.13000000000000012       0.57051849934884269     
  0.14000000000000012       0.57411924101896106     
  0.15000000000000013       0.57767240372263529     
  0.15999999999999992       0.58180258478424396     
  0.16999999999999993       0.58588576107069945     
  0.17999999999999994       0.59055400977519634     
  0.18999999999999995       0.59517330153832204     
  0.19999999999999996       0.60038711506088172     
  0.20999999999999996       0.60555244235267536     
  0.21999999999999997       0.61132245721294087     
  0.22999999999999998       0.61704176836150526     
  0.23999999999999999       0.62337747245390263     
  0.25000000000000000       0.62966286510449843     
  0.26000000000000001       0.63657699154395608     
  0.27000000000000002       0.64343827998938241     
  0.28000000000000003       0.65094236392707261     
  0.29000000000000004       0.65839396205550271     
  0.30000000000000004       0.66650294359653406     
  0.31000000000000005       0.67455653864212095     
  0.32000000000000006       0.68328406250176910     
  0.33000000000000007       0.69195657671279098     
  0.34000000000000008       0.70131992961600031     
  0.35000000000000009       0.71062489176810406     
  0.36000000000000010       0.72063988695796166     
  0.37000000000000011       0.73059701529622512     
  0.38000000000000012       0.74128347102170178     
  0.39000000000000012       0.75190799880737991     
  0.40000000000000013       0.76328392815744694     
  0.40999999999999992       0.77459887268358951     
  0.41999999999999993       0.78668690021931542     
  0.42999999999999994       0.79870873036541901     
  0.43999999999999995       0.81152899145756385     
  0.44999999999999996       0.82428523231478745     
  0.45999999999999996       0.83786369179235221     
  0.46999999999999997       0.85136995152380668     
  0.47999999999999998       0.86572834971644008     
  0.48999999999999999       0.88002426736007777     
  0.50000000000000000       0.89514774137490349     
  0.51000000000000001       0.90900032445564660     
  0.52000000000000002       0.92144426328372842     
  0.53000000000000003       0.93246309335636868     
  0.54000000000000004       0.94204729352361261     
  0.55000000000000004       0.95018228037418007     
  0.56000000000000005       0.95685146913530483     
  0.57000000000000006       0.96204427472980569     
  0.58000000000000007       0.96575545658412665     
  0.59000000000000008       0.96797954673449171     
  0.60000000000000009       0.96871103111466672     
  0.61000000000000010       0.96794859708890679     
  0.62000000000000011       0.96569508954997008     
  0.63000000000000012       0.96195410949552718     
  0.64000000000000012       0.95673003473094664     
  0.65000000000000013       0.95003083572615354     
  0.66000000000000014       0.94186802065909692     
  0.66999999999999993       0.93225421084445959     
  0.67999999999999994       0.92120319287818808     
  0.68999999999999995       0.90873198984473880     
  0.69999999999999996       0.89486073081772821     
  0.70999999999999996       0.87961077321135761     
  0.71999999999999997       0.86300480713995242     
  0.72999999999999998       0.84506846968484350     
  0.73999999999999999       0.82583013603903344     
  0.75000000000000000       0.80531938848979101     
  0.76000000000000001       0.78356717091456995     
  0.77000000000000002       0.76060709311386887     
  0.78000000000000003       0.73647514951891102     
  0.79000000000000004       0.71120842639671888     
  0.80000000000000004       0.68484530242380237     
  0.81000000000000005       0.65742652832657467     
  0.82000000000000006       0.62899487906462515     
  0.83000000000000007       0.59959403473860662     
  0.84000000000000008       0.56926882486832042     
  0.85000000000000009       0.53806613732276176     
  0.86000000000000010       0.50603450833805408     
  0.87000000000000011       0.47322313626564472     
  0.88000000000000012       0.43968216938454835     
  0.89000000000000012       0.40546348060519760     
  0.90000000000000013       0.37062019795432793     
  0.91000000000000014       0.33520582423345596     
  0.91999999999999993       0.29927457033018279     
  0.92999999999999994       0.26288202159738988     
  0.93999999999999995       0.22608460973491831     
  0.94999999999999996       0.18893882021728714     
  0.95999999999999996       0.15150157510919524     
  0.96999999999999997       0.11383081019253985     
  0.97999999999999998        7.5984887422404793E-002
  0.98999999999999999        3.8021877848562306E-002
   1.0000000000000000        1.5139654778145784E-016
