  -1.0000000000000000        0.0000000000000000     
 -0.98999999999999999        3.7961319479739415E-002
 -0.97999999999999998        7.5864329487422097E-002
 -0.96999999999999997       0.11365081011570030     
 -0.95999999999999996       0.15126272044907074     
 -0.94999999999999996       0.18864228771607447     
 -0.93999999999999995       0.22573209602962122     
 -0.92999999999999994       0.26247517457913089     
 -0.92000000000000004       0.29881508513902755     
 -0.91000000000000003       0.33469600875916988     
 -0.90000000000000002       0.37006283150406055     
 -0.89000000000000001       0.40486122910913663     
 -0.88000000000000000       0.43903775042410670     
 -0.87000000000000000       0.47253989951516440     
 -0.85999999999999999       0.50531621629996681     
 -0.84999999999999998       0.53731635559152169     
 -0.83999999999999997       0.56849116442956826     
 -0.82999999999999996       0.59879275758067074     
 -0.82000000000000006       0.62817459109105378     
 -0.81000000000000005       0.65659153377920076     
 -0.80000000000000004       0.68399993655840130     
 -0.79000000000000004       0.71035769948276639     
 -0.78000000000000003       0.73562433641372715     
 -0.77000000000000002       0.75976103720768784     
 -0.76000000000000001       0.78273072732931137     
 -0.75000000000000000       0.80449812479887073     
 -0.73999999999999999       0.82502979438619228     
 -0.72999999999999998       0.84429419896794944     
 -0.71999999999999997       0.86226174796941901     
 -0.70999999999999996       0.87890484281629466     
 -0.69999999999999996       0.89419791932674053     
 -0.68999999999999995       0.90811748697857075     
 -0.67999999999999994       0.92064216499123896     
 -0.66999999999999993       0.93175271516721681     
 -0.65999999999999992       0.94143207144231289     
 -0.64999999999999991       0.94966536609954655     
 -0.64000000000000001       0.95643995260630699     
 -0.63000000000000000       0.96174542503972271     
 -0.62000000000000000       0.96557363407040087     
 -0.60999999999999999       0.96791869947998921     
 -0.59999999999999998       0.96877701919332626     
 -0.58999999999999997       0.96814727481131491     
 -0.58000000000000007       0.96603043363601260     
 -0.57000000000000006       0.96242974718483409     
 -0.56000000000000005       0.95735074619614369     
 -0.55000000000000004       0.95080123213391265     
 -0.54000000000000004       0.94279126520448886     
 -0.53000000000000003       0.93333314890388452     
 -0.52000000000000002       0.92244141111932010     
 -0.51000000000000001       0.91013278181405033     
 -0.50000000000000000       0.89642616732975056     
 -0.48999999999999999       0.88148951746011650     
 -0.47999999999999998       0.86681229049814112     
 -0.46999999999999997       0.85253708931151995     
 -0.45999999999999996       0.83865729309100912     
 -0.44999999999999996       0.82516646441538322     
 -0.43999999999999995       0.81205834626577234     
 -0.42999999999999994       0.79932685912366885     
 -0.42000000000000004       0.78696609815126006     
 -0.41000000000000003       0.77497033045277530     
 -0.40000000000000002       0.76333399241558153     
 -0.39000000000000001       0.75205168712979076     
 -0.38000000000000000       0.74111818188518408     
 -0.37000000000000000       0.73052840574429145     
 -0.35999999999999999       0.72027744719050146     
 -0.34999999999999998       0.71036055185010960     
 -0.33999999999999997       0.70077312028724947     
 -0.32999999999999996       0.69151070587068397     
 -0.31999999999999995       0.68256901271146664     
 -0.30999999999999994       0.67394389367051688     
 -0.29999999999999993       0.66563134843518590     
 -0.29000000000000004       0.65762752166391902     
 -0.28000000000000003       0.64992870119815693     
 -0.27000000000000002       0.64253131634064398     
 -0.26000000000000001       0.63543193619934546     
 -0.25000000000000000       0.62862726809620739     
 -0.23999999999999999       0.62211415604001907     
 -0.22999999999999998       0.61588957926267052     
 -0.21999999999999997       0.60995065081812683     
 -0.20999999999999996       0.60429461624346814     
 -0.19999999999999996       0.59891885228137542     
 -0.18999999999999995       0.59382086566346903     
 -0.17999999999999994       0.58899829195393583     
 -0.16999999999999993       0.58444889445290915     
 -0.16000000000000003       0.58017056315909121     
 -0.15000000000000002       0.57616131379113933     
 -0.14000000000000001       0.57241928686736021     
 -0.13000000000000000       0.56894274684328594     
 -0.12000000000000000       0.56573008130673241     
 -0.10999999999999999       0.56277980022996521     
  -9.9999999999999978E-002  0.56009053527862818     
  -8.9999999999999969E-002  0.55766103917711263     
  -7.9999999999999960E-002  0.55549018513007364     
  -6.9999999999999951E-002  0.55357696629982445     
  -5.9999999999999942E-002  0.55192049533936705     
  -4.9999999999999933E-002  0.55052000398084300     
  -4.0000000000000036E-002  0.54937484267921177     
  -3.0000000000000027E-002  0.54848448031099339     
  -2.0000000000000018E-002  0.54784850392793460     
  -1.0000000000000009E-002  0.54746661856548362     
   0.0000000000000000       0.54733864710598701     
   1.0000000000000009E-002  0.54746453019654240     
   2.0000000000000018E-002  0.54784432622147095     
   3.0000000000000027E-002  0.54847821132939567     
   4.0000000000000036E-002  0.54936647951493889     
   5.0000000000000044E-002  0.55050954275507646     
   6.0000000000000053E-002  0.55190793120021153     
   7.0000000000000062E-002  0.55356229342005769     
   8.0000000000000071E-002  0.55547339670444396     
   9.0000000000000080E-002  0.55764212741918218     
  0.10000000000000009       0.56006949141716222     
  0.11000000000000010       0.56275661450486358     
  0.12000000000000011       0.56570474296450313     
  0.13000000000000012       0.56891524413205719     
  0.14000000000000012       0.57238960703143038     
  0.15000000000000013       0.57612944306506098     
  0.15999999999999992       0.58013648676128649     
  0.16999999999999993       0.58441259657881406     
  0.17999999999999994       0.58895975576867021     
  0.18999999999999995       0.59378007329402849     
  0.19999999999999996       0.59887578480834203     
  0.20999999999999996       0.60424925369223548     
  0.21999999999999997       0.60990297214963585     
  0.22999999999999998       0.61583956236365178     
  0.23999999999999999       0.62206177771273652     
  0.25000000000000000       0.62857250404769949     
  0.26000000000000001       0.63537476103015789     
  0.27000000000000002       0.64247170353304972     
  0.28000000000000003       0.64986662310385712     
  0.29000000000000004       0.65756294949121985     
  0.30000000000000004       0.66556425223564541     
  0.31000000000000005       0.67387424232505422     
  0.32000000000000006       0.68249677391592967     
  0.33000000000000007       0.69143584612086628     
  0.34000000000000008       0.70069560486335147     
  0.35000000000000009       0.71028034480063518     
  0.36000000000000010       0.72019451131558454     
  0.37000000000000011       0.73044270257844202     
  0.38000000000000012       0.74102967167944822     
  0.39000000000000012       0.75196032883331554     
  0.40000000000000013       0.76323974365657499     
  0.40999999999999992       0.77487314751885483     
  0.41999999999999993       0.78686593596917898     
  0.42999999999999994       0.79922367123841109     
  0.43999999999999995       0.81195208481900649     
  0.44999999999999996       0.82505708012326662     
  0.45999999999999996       0.83854473522132977     
  0.46999999999999997       0.85242130566016727     
  0.47999999999999998       0.86669322736489329     
  0.48999999999999999       0.88136711962373449     
  0.50000000000000000       0.89630039898456815     
  0.51000000000000001       0.91000381574615075     
  0.52000000000000002       0.92230944542359139     
  0.53000000000000003       0.93319838628271301     
  0.54000000000000004       0.94265391265640353     
  0.55000000000000004       0.95066150063563071     
  0.56000000000000005       0.95720885037850523     
  0.57000000000000006       0.96228590500312416     
  0.58000000000000007       0.96588486603517731     
  0.59000000000000008       0.96800020538658371     
  0.60000000000000009       0.96862867384676554     
  0.61000000000000010       0.96776930607351108     
  0.62000000000000011       0.96542342207576182     
  0.63000000000000012       0.96159462518604955     
  0.64000000000000012       0.95628879652569210     
  0.65000000000000013       0.94951408597125475     
  0.66000000000000014       0.94128089963614925     
  0.66999999999999993       0.93160188388660103     
  0.67999999999999994       0.92049190591653596     
  0.68999999999999995       0.90796803091122347     
  0.69999999999999996       0.89404949583475435     
  0.70999999999999996       0.87875767988161457     
  0.71999999999999997       0.86211607163774495     
  0.72999999999999998       0.84415023300152414     
  0.73999999999999999       0.82488775992009800     
  0.75000000000000000       0.80435824000135980     
  0.76000000000000001       0.78259320706669522     
  0.77000000000000002       0.75962609271429715     
  0.78000000000000003       0.73549217496745123     
  0.79000000000000004       0.71022852408666892     
  0.80000000000000004       0.68387394562890336     
  0.81000000000000005       0.65646892084130870     
  0.82000000000000006       0.62805554448109990     
  0.83000000000000007       0.59867746015702439     
  0.84000000000000008       0.56837979329176103     
  0.85000000000000009       0.53720908180821869     
  0.86000000000000010       0.50521320464620101     
  0.87000000000000011       0.47244130821923858     
  0.88000000000000012       0.43894373092455080     
  0.89000000000000012       0.40477192582209459     
  0.90000000000000013       0.36997838160146401     
  0.91000000000000014       0.33461654195803875     
  0.91999999999999993       0.29874072350222181     
  0.92999999999999994       0.26240603232785892     
  0.93999999999999995       0.22566827936799344     
  0.94999999999999996       0.18858389466797154     
  0.95999999999999996       0.15120984070757632     
  0.96999999999999997       0.11360352490533060     
  0.97999999999999998        7.5822711439363047E-002
  0.98999999999999999        3.7925432520283450E-002
   1.0000000000000000       -3.0100747646182330E-005
