  -4.0000000000000000       -4.3356502124445510E-019
  -3.9600000000000000        3.0000594591589985E-005
  -3.9199999999999999        6.1081881456912621E-005
  -3.8799999999999999        1.0493492606171410E-004
  -3.8399999999999999        1.5268860696726120E-004
  -3.7999999999999998        2.2756064661602141E-004
  -3.7599999999999998        3.1270903779964410E-004
  -3.7199999999999998        4.4323663232426647E-004
  -3.6800000000000002        5.9712281945958760E-004
  -3.6400000000000001        8.2105670511637904E-004
  -3.6000000000000001        1.0916465783636792E-003
  -3.5600000000000001        1.4662085444769636E-003
  -3.5200000000000000        1.9249478069134855E-003
  -3.4800000000000000        2.5340126909008673E-003
  -3.4399999999999999        3.2832987824128789E-003
  -3.3999999999999999        4.2449216600318040E-003
  -3.3599999999999999        5.4253873521029781E-003
  -3.3199999999999998        6.8986406469866823E-003
  -3.2800000000000002        8.6949083415226100E-003
  -3.2400000000000002        1.0884484388451278E-002
  -3.2000000000000002        1.3527609899116609E-002
  -3.1600000000000001        1.6684282668496961E-002
  -3.1200000000000001        2.0448894924438115E-002
  -3.0800000000000001        2.4863861327023021E-002
  -3.0400000000000000        3.0058162253336441E-002
  -3.0000000000000000        3.6049630558194934E-002
  -2.9600000000000000        4.2997049517850876E-002
  -2.9199999999999999        5.0888279853175435E-002
  -2.8799999999999999        5.9900691177483721E-002
  -2.8399999999999999        6.9989983218919499E-002
  -2.7999999999999998        8.1333880461565977E-002
  -2.7599999999999998        9.3858578246946350E-002
  -2.7199999999999998       0.10771721408257798     
  -2.6799999999999997       0.12281537210202412     
  -2.6399999999999997       0.13925128626309258     
  -2.5999999999999996       0.15692586445746906     
  -2.5600000000000001       0.17584908265613486     
  -2.5200000000000000       0.19594007826447910     
  -2.4800000000000000       0.21708729297821000     
  -2.4399999999999999       0.23925685025035220     
  -2.3999999999999999       0.26218596427520297     
  -2.3599999999999999       0.28592018504877148     
  -2.3200000000000003       0.31002278909295172     
  -2.2800000000000002       0.33465186355224957     
  -2.2400000000000002       0.35918380931247851     
  -2.2000000000000002       0.38391954629824615     
  -2.1600000000000001       0.40804719115242111     
  -2.1200000000000001       0.43203450971965013     
  -2.0800000000000001       0.45489192319513122     
  -2.0400000000000000       0.47726883525626479     
  -2.0000000000000000       0.49801968757758491     
  -1.9600000000000000       0.51797911925669660     
  -1.9199999999999999       0.53587638572287299     
  -1.8799999999999999       0.55272303940187117     
  -1.8399999999999999       0.56716011700880686     
  -1.7999999999999998       0.58035644585879442     
  -1.7599999999999998       0.59090465394062697     
  -1.7199999999999998       0.60010169623761833     
  -1.6800000000000002       0.60653112708498147     
  -1.6400000000000001       0.61158209053584645     
  -1.6000000000000001       0.61386501306049768     
  -1.5600000000000001       0.61482172450147177     
  -1.5200000000000000       0.61311984979616241     
  -1.4800000000000000       0.61021414163806087     
  -1.4399999999999999       0.60485273243196913     
  -1.3999999999999999       0.59846626819615345     
  -1.3599999999999999       0.58989913119014714     
  -1.3199999999999998       0.58052594961111414     
  -1.2799999999999998       0.56929573782560239     
  -1.2399999999999998       0.55750191710466646     
  -1.1999999999999997       0.54419995170356827     
  -1.1600000000000001       0.53058436450316471     
  -1.1200000000000001       0.51581350648129176     
  -1.0800000000000001       0.50097281823906337     
  -1.0400000000000000       0.48531596367168284     
  -1.0000000000000000       0.46981600998991618     
 -0.95999999999999996       0.45381173202240577     
 -0.91999999999999993       0.43816636955741850     
 -0.87999999999999989       0.42229224003756760     
 -0.83999999999999986       0.40694983540505403     
 -0.79999999999999982       0.39161313658903135     
 -0.75999999999999979       0.37695012548022355     
 -0.71999999999999975       0.36248506427753263     
 -0.67999999999999972       0.34880551480975641     
 -0.64000000000000012       0.33547568978735415     
 -0.60000000000000009       0.32301553536990418     
 -0.56000000000000005       0.31102025717126225     
 -0.52000000000000002       0.29995479139803743     
 -0.47999999999999998       0.28943787638976470     
 -0.43999999999999995       0.27989117677512754     
 -0.39999999999999991       0.27095096923693329     
 -0.35999999999999988       0.26300608520919433     
 -0.31999999999999984       0.25570566431365882     
 -0.27999999999999980       0.24941461961117209     
 -0.23999999999999977       0.24379137086718547     
 -0.19999999999999973       0.23918425293825460     
 -0.16000000000000014       0.23525819807481860     
 -0.12000000000000011       0.23235081075364264     
  -8.0000000000000071E-002  0.23013127563412386     
  -4.0000000000000036E-002  0.22893100154441101     
   0.0000000000000000       0.22842135011642312     
   4.0000000000000036E-002  0.22893100154441051     
   8.0000000000000071E-002  0.23013127563412419     
  0.12000000000000011       0.23235081075364347     
  0.16000000000000014       0.23525819807481826     
  0.20000000000000018       0.23918425293825427     
  0.24000000000000021       0.24379137086718558     
  0.28000000000000025       0.24941461961117123     
  0.32000000000000028       0.25570566431365838     
  0.36000000000000032       0.26300608520919350     
  0.40000000000000036       0.27095096923693363     
  0.44000000000000039       0.27989117677512704     
  0.48000000000000043       0.28943787638976487     
  0.52000000000000046       0.29995479139803632     
  0.56000000000000050       0.31102025717126269     
  0.60000000000000053       0.32301553536990318     
  0.63999999999999968       0.33547568978735365     
  0.67999999999999972       0.34880551480975519     
  0.71999999999999975       0.36248506427753152     
  0.75999999999999979       0.37695012548022333     
  0.79999999999999982       0.39161313658903091     
  0.83999999999999986       0.40694983540505247     
  0.87999999999999989       0.42229224003756682     
  0.91999999999999993       0.43816636955741750     
  0.95999999999999996       0.45381173202240388     
   1.0000000000000000       0.46981600998991463     
   1.0400000000000000       0.48531596367168117     
   1.0800000000000001       0.50097281823906248     
   1.1200000000000001       0.51581350648129032     
   1.1600000000000001       0.53058436450316382     
   1.2000000000000002       0.54419995170356761     
   1.2400000000000002       0.55750191710466568     
   1.2800000000000002       0.56929573782559906     
   1.3200000000000003       0.58052594961111259     
   1.3600000000000003       0.58989913119014403     
   1.4000000000000004       0.59846626819615212     
   1.4400000000000004       0.60485273243196713     
   1.4800000000000004       0.61021414163806009     
   1.5200000000000005       0.61311984979616008     
   1.5600000000000005       0.61482172450147043     
   1.6000000000000005       0.61386501306049512     
   1.6399999999999997       0.61158209053584367     
   1.6799999999999997       0.60653112708497903     
   1.7199999999999998       0.60010169623761633     
   1.7599999999999998       0.59090465394062586     
   1.7999999999999998       0.58035644585879309     
   1.8399999999999999       0.56716011700880564     
   1.8799999999999999       0.55272303940186929     
   1.9199999999999999       0.53587638572287144     
   1.9600000000000000       0.51797911925669382     
   2.0000000000000000       0.49801968757758314     
   2.0400000000000000       0.47726883525626279     
   2.0800000000000001       0.45489192319512944     
   2.1200000000000001       0.43203450971964835     
   2.1600000000000001       0.40804719115242022     
   2.2000000000000002       0.38391954629824437     
   2.2400000000000002       0.35918380931247684     
   2.2800000000000002       0.33465186355224824     
   2.3200000000000003       0.31002278909295072     
   2.3600000000000003       0.28592018504877037     
   2.4000000000000004       0.26218596427520202     
   2.4400000000000004       0.23925685025035068     
   2.4800000000000004       0.21708729297820906     
   2.5200000000000005       0.19594007826447785     
   2.5600000000000005       0.17584908265613386     
   2.6000000000000005       0.15692586445746845     
   2.6400000000000006       0.13925128626309136     
   2.6799999999999997       0.12281537210202420     
   2.7199999999999998       0.10771721408257770     
   2.7599999999999998        9.3858578246945823E-002
   2.7999999999999998        8.1333880461564839E-002
   2.8399999999999999        6.9989983218919610E-002
   2.8799999999999999        5.9900691177483346E-002
   2.9199999999999999        5.0888279853175518E-002
   2.9600000000000000        4.2997049517851028E-002
   3.0000000000000000        3.6049630558195100E-002
   3.0400000000000000        3.0058162253336081E-002
   3.0800000000000001        2.4863861327022320E-002
   3.1200000000000001        2.0448894924437206E-002
   3.1600000000000001        1.6684282668497297E-002
   3.2000000000000002        1.3527609899116702E-002
   3.2400000000000002        1.0884484388451549E-002
   3.2800000000000002        8.6949083415230576E-003
   3.3200000000000003        6.8986406469871107E-003
   3.3600000000000003        5.4253873521032184E-003
   3.4000000000000004        4.2449216600306339E-003
   3.4400000000000004        3.2832987824122977E-003
   3.4800000000000004        2.5340126909007342E-003
   3.5200000000000005        1.9249478069134950E-003
   3.5600000000000005        1.4662085444770430E-003
   3.6000000000000005        1.0916465783634957E-003
   3.6400000000000006        8.2105670511735613E-004
   3.6799999999999997        5.9712281945927144E-004
   3.7199999999999998        4.4323663232467684E-004
   3.7599999999999998        3.1270903779863536E-004
   3.7999999999999998        2.2756064661621857E-004
   3.8399999999999999        1.5268860696692862E-004
   3.8799999999999999        1.0493492606190527E-004
   3.9199999999999999        6.1081881456589068E-005
   3.9600000000000000        3.0000594592057344E-005
   4.0000000000000000       -4.3356502123694532E-019
